81,1
81,3
87,35
3,2
3,1
3,3
9,5
8,7
66,4
66,3
66,2
66,1
66,0
58,5
58,4
58,3
58,2
58,1
58,0
53,3
10,216
53,2
53,1
10,210
53,0
17,3
10,70
17,2
17,1
16,3
10,150
16,2
10,94
16,1
15,3
10,28
15,2
10,172
15,1
14,2
13,2
11,27
11,26
11,25
11,24
11,23
11,22
11,21
11,20
11,19
11,17
11,18
9,3
11,16
11,15
11,14
11,13
11,12
11,11
11,10
11,9
11,8
11,7
11,6
11,5
11,4
11,3
11,2
11,1
10,309
10,308
10,307
10,305
10,304
10,303
10,302
10,299
10,295
10,293
10,289
10,285
10,284
8,17
8,9
10,281
10,276
8,10
8,8
8,2
8,3
10,275
12,2
12,1
10,274
12,3
10,270
10,265
10,259
10,257
10,255
10,254
10,246
10,245
10,244
10,242
10,238
10,231
10,227
10,221
10,219
20,2
20,1
20,3
19,2
19,1
19,3
10,218
10,214
10,202
10,190
10,185
